       7.6366000       0.1729544       0.0154417         1
       7.6970901       0.1681646       0.0103666         1
       7.7575698       0.1608954       0.0008968         1
       7.8180499       0.1591385       0.0006405         1
       7.8785400       0.1537074       0.0045786         1
       7.9390202       0.1570396       0.0020886         1
       7.9995098       0.1504241       0.0062272         1
       8.0599899       0.1468699       0.0004162         1
       8.1204700       0.1513098       0.0078032         1
       8.1809597       0.1493727       0.0006563         1
       8.2414398       0.1436418       0.0030959         1
       8.3019199       0.1458856       0.0086557         1
       8.3624096       0.1428672       0.0026629         1
       8.4228897       0.1367503       0.0060227         1
       8.4833698       0.1310973       0.0008500         1
       8.5438604       0.1307591       0.0041833         1
       8.6043396       0.1388513       0.0018365         1
       8.6648302       0.1323806       0.0049276         1
       8.7253103       0.1240065       0.0097999         1
       8.7857904       0.1323752       0.0020520         1
       8.8462801       0.1295363       0.0022139         1
       8.9067602       0.1289758       0.0021608         1
       8.9672403       0.1301593       0.0066493         1
       9.0277300       0.1226058       0.0062210         1
       9.0882101       0.1269565       0.0017588         1
       9.1486902       0.1206611       0.0074497         1
       9.2091799       0.1199457       0.0040226         1
       9.2696600       0.1190825       0.0042362         1
       9.3301497       0.1185448       0.0056847         1
       9.3906298       0.1137638       0.0007077         1
       9.4511099       0.1169162       0.0079711         1
       9.5115995       0.1089170       0.0010519         1
       9.5720797       0.1114585       0.0003907         1
       9.6325598       0.1097930       0.0029024         1
       9.6930504       0.1089970       0.0032390         1
       9.7535295       0.1096265       0.0057459         1
       9.8140097       0.1020420       0.0022510         1
       9.8745003       0.1023602       0.0051323         1
       9.9349804       0.1014489       0.0029733         1
       9.9954700       0.1022038       0.0004463         1
      10.0559502       0.1034769       0.0031313         1
      10.1164303       0.1006696       0.0020838         1
      10.1769199       0.0991165       0.0013445         1
      10.2374001       0.0961822       0.0019546         1
      10.2978802       0.0977318       0.0057931         1
      10.3583698       0.0989921       0.0024866         1
      10.4188499       0.0966589       0.0053511         1
      10.4793301       0.0934062       0.0065951         1
      10.5398197       0.0972709       0.0032400         1
      10.6002998       0.0915459       0.0079052         1
      10.6607904       0.0887610       0.0073385         1
      10.7212696       0.0830972       0.0073397         1
      10.7817497       0.0854484       0.0034012         1
      10.8422403       0.0886421       0.0006740         1
      10.9027205       0.0900445       0.0027828         1
      10.9631996       0.0879999       0.0057702         1
      11.0236902       0.0878917       0.0059228         1
      11.0841703       0.0810831       0.0012385         1
      11.1446505       0.0782718       0.0017161         1
      11.2051401       0.0805328       0.0022309         1
      11.2656202       0.0798367       0.0032358         1
      11.3261099       0.0759951       0.0088550         1
      11.3865900       0.0734692       0.0032912         1
      11.4470701       0.0778774       0.0061656         1
      11.5075598       0.0761306       0.0042468         1
      11.5680399       0.0731711       0.0039592         1
      11.6285200       0.0760228       0.0073390         1
      11.6890097       0.0801309       0.0044403         1
      11.7494898       0.0735642       0.0006060         1
      11.8099699       0.0683228       0.0009538         1
      11.8704596       0.0736979       0.0010917         1
      11.9309397       0.0708745       0.0022199         1
      11.9914303       0.0738249       0.0034867         1
      12.0519104       0.0778892       0.0002781         1
      12.1123896       0.0742067       0.0034668         1
      12.1728802       0.0684098       0.0042107         1
      12.2333603       0.0673833       0.0061700         1
      12.2938404       0.0708717       0.0051567         1
      12.3543301       0.0705458       0.0012554         1
      12.4148102       0.0706433       0.0050106         1
      12.4752903       0.0695403       0.0020571         1
      12.5357800       0.0685434       0.0019029         1
      12.5962601       0.0681285       0.0024356         1
      12.6567497       0.0664066       0.0013905         1
      12.7172298       0.0670546       0.0010820         1
      12.7777100       0.0683964       0.0005266         1
      12.8381996       0.0655575       0.0031202         1
      12.8986797       0.0634949       0.0014171         1
      12.9591599       0.0600290       0.0038262         1
      13.0196505       0.0600949       0.0025260         1
      13.0801296       0.0625781       0.0018442         1
      13.1406097       0.0610867       0.0067267         1
      13.2011003       0.0634925       0.0004174         1
      13.2615805       0.0645646       0.0011706         1
      13.3220596       0.0601188       0.0012072         1
      13.3825502       0.0588305       0.0004632         1
      13.4430304       0.0566187       0.0042453         1
      13.5035200       0.0600418       0.0010239         1
      13.5640001       0.0586618       0.0008366         1
      13.6244802       0.0568368       0.0013150         1
      13.6849699       0.0538237       0.0036305         1
      13.7454500       0.0563935       0.0018755         1
      13.8059301       0.0571092       0.0091886         1
      13.8664198       0.0573187       0.0009162         1
      13.9268999       0.0546266       0.0013492         1
      13.9873800       0.0592919       0.0025491         1
      14.0478697       0.0496113       0.0009330         1
      14.1083498       0.0515220       0.0062124         1
      14.1540298       0.0512673       0.0047208        16
      14.1688404       0.0576357       0.0028317         1
      14.2293196       0.0537023       0.0009004         1
      14.2387104       0.0546737       0.0038741        16
      14.3233805       0.0518743       0.0021105        16
      14.4080601       0.0510741       0.0024820        16
      14.4927397       0.0497013       0.0012470        16
      14.5774097       0.0520018       0.0025188        16
      14.6620903       0.0498571       0.0027052        16
      14.7467699       0.0525279       0.0018006        16
      14.8314505       0.0502282       0.0022232        16
      14.9161196       0.0523158       0.0021469        16
      15.0008001       0.0501371       0.0039598        16
      15.0854797       0.0471358       0.0027021        16
      15.1701498       0.0497396       0.0018178        16
      15.2548304       0.0504718       0.0020677        16
      15.3395100       0.0490930       0.0011877        16
      15.4241800       0.0469074       0.0019742        16
      15.5088596       0.0468545       0.0008923        16
      15.5935402       0.0488563       0.0011444        16
      15.6782103       0.0494101       0.0015032        16
      15.7628899       0.0448768       0.0015852        16
      15.8475704       0.0453929       0.0015015        16
      15.9322395       0.0430873       0.0021701        16
      16.0169201       0.0398095       0.0026962        16
      16.1016006       0.0424910       0.0037347        16
      16.1862793       0.0449889       0.0015133        16
      16.2709503       0.0451394       0.0025380        16
      16.3556309       0.0442514       0.0014787        16
      16.4403095       0.0372510       0.0028174        16
      16.5249805       0.0361538       0.0024806        16
      16.6096592       0.0400906       0.0013914        16
      16.6943398       0.0424408       0.0017645        16
      16.7790108       0.0409104       0.0041690        16
      16.8636894       0.0377682       0.0027055        16
      16.9483700       0.0384340       0.0028166        16
      17.0330391       0.0338619       0.0042601        16
      17.1177197       0.0367455       0.0026747        16
      17.2024002       0.0379403       0.0016827        16
      17.2870693       0.0399885       0.0037915        16
      17.3717499       0.0398852       0.0022472        16
      17.4564304       0.0411832       0.0021718        16
      17.5411091       0.0415182       0.0016732        16
      17.6257801       0.0402393       0.0028471        16
      17.7104607       0.0363182       0.0014600        16
      17.7951393       0.0386812       0.0032489        16
      17.8798103       0.0371895       0.0027414        16
      17.9644909       0.0324263       0.0008032        16
      18.0491695       0.0362127       0.0042947        16
      18.1338406       0.0363645       0.0044582        16
      18.2185192       0.0346762       0.0035082        16
      18.3031998       0.0347838       0.0027192        16
      18.3878708       0.0368244       0.0031918        16
      18.4725494       0.0391873       0.0023039        16
      18.5572300       0.0363527       0.0017942        16
      18.6418991       0.0321053       0.0019785        16
      18.7265797       0.0350127       0.0023656        16
      18.8112602       0.0361075       0.0019618        16
      18.8959408       0.0350261       0.0016458        16
      18.9806099       0.0357774       0.0051351        16
      19.0652905       0.0413764       0.0058005        16
      19.1499691       0.0379767       0.0014218        16
      19.2346401       0.0404738       0.0034038        16
      19.3193207       0.0380413       0.0025471        48
      19.4039993       0.0373578       0.0049449        16
      19.4886703       0.0349115       0.0024288        48
      19.5733509       0.0325043       0.0047595        16
      19.6580296       0.0344499       0.0027076        48
      19.7427006       0.0352006       0.0031430        16
      19.8273792       0.0323202       0.0020696        48
      19.9120598       0.0265211       0.0047116        16
      19.9967308       0.0287375       0.0025544        48
      20.0814095       0.0264886       0.0031497        16
      20.1660900       0.0327783       0.0024877        48
      20.2507706       0.0340749       0.0031695        16
      20.3354397       0.0336729       0.0023054        48
      20.4201202       0.0248317       0.0176096        16
      20.5048008       0.0361561       0.0024687        56
      20.5894699       0.0360714       0.0053712        16
      20.6741505       0.0349412       0.0029773        56
      20.7588291       0.0225173       0.0062258        16
      20.8435001       0.0363151       0.0029389        40
      21.0128593       0.0393370       0.0025241        40
      21.1822109       0.0365860       0.0024095        40
      21.3515606       0.0384700       0.0023269        40
      21.5209198       0.0358048       0.0063461         8
      21.6902695       0.0387514       0.0026382         8
      21.8596306       0.0381557       0.0049828         8
      22.0289803       0.0377376       0.0028862         8
      22.1983299       0.0385947       0.0022063         8
      22.3676891       0.0407134       0.0015348         8
      22.5370407       0.0415350       0.0024773         8
      22.7063904       0.0435977       0.0042241         8
      22.8757496       0.0465929       0.0033935         8
      23.0450993       0.0449487       0.0015504         8
      23.2144604       0.0421897       0.0041326         8
      23.3838100       0.0457109       0.0053460         8
      23.5531597       0.0432326       0.0039876         8
      23.7225208       0.0450069       0.0030569         8
      23.8918705       0.0495625       0.0039486         8
      24.0612202       0.0460546       0.0015053         8
      24.2305794       0.0494535       0.0039109         8
      24.3999290       0.0446912       0.0023146         8
      24.5692902       0.0494181       0.0027688         8
      24.7386398       0.0487164       0.0019241         8
      24.9079895       0.0492901       0.0026034         8
      25.0773506       0.0503050       0.0042316         8
      25.2467003       0.0502370       0.0015618         8
      25.4160500       0.0506214       0.0015665         8
      25.5854092       0.0506459       0.0029314         8
      25.7547607       0.0515087       0.0033028         8
      25.9241199       0.0549135       0.0035764         8
      26.0934696       0.0550296       0.0032737         8
      26.2628193       0.0541666       0.0033737         8
      26.4321804       0.0534355       0.0011363         8
      26.6015301       0.0599020       0.0010949         8
      26.7708797       0.0580523       0.0018080         8
      26.9402409       0.0599828       0.0041117         8
      27.1095905       0.0650210       0.0037846         8
      27.2789497       0.0683468       0.0039147         8
      27.4482994       0.0632055       0.0014990         8
      27.6176491       0.0648398       0.0017964         8
      27.7870102       0.0659735       0.0031397         8
      27.9563599       0.0644473       0.0009511         8
      28.1257095       0.0642062       0.0051810         8
      28.2950706       0.0682161       0.0061735         8
      28.4644203       0.0704046       0.0048491         8
      28.6337795       0.0714543       0.0027920         8
      28.8031292       0.0741241       0.0027718         8
      28.9724808       0.0734778       0.0016532         8
      29.1418400       0.0719325       0.0022907         8
      29.3111897       0.0733559       0.0051757         8
      29.4805393       0.0803000       0.0054548         8
      29.6499004       0.0721129       0.0092027         8
      29.8192501       0.0778970       0.0051817         8
      29.9886093       0.0829594       0.0043476         8
      30.1579609       0.0868098       0.0037879         8
      30.3273106       0.0834273       0.0024548         8
      30.4966698       0.0855543       0.0028760         8
      30.6660194       0.0889786       0.0030512         8
      30.8353691       0.0859632       0.0054402         8
      31.0047302       0.0865509       0.0030041         8
      31.1740799       0.0904486       0.0056906         8
      31.3434391       0.0980588       0.0046053         8
      31.5127907       0.0927700       0.0043986         8
      31.6821404       0.0956966       0.0037191         8
      31.8514996       0.1085016       0.0062413         8
      32.0208511       0.1131016       0.0088491         8
      32.1902008       0.1097749       0.0074656         8
      32.3595581       0.1150890       0.0089694         8
      32.5289116       0.1121103       0.0062286         8
      32.6982689       0.1117740       0.0033628         8
      32.8676186       0.1118005       0.0072670         8
      33.0369682       0.1151079       0.0046788         8
      33.2063293       0.1158112       0.0040990         8
      33.3756790       0.1168417       0.0051774         8
      33.5450287       0.1181681       0.0098969         8
      33.7143898       0.1236314       0.0116473         8
      33.8837395       0.1362408       0.0085922         8
      34.0531006       0.1379887       0.0147421         8
      34.2224503       0.1491152       0.0115050         8
      34.3917999       0.1264837       0.0079451         8
      34.5611610       0.1460768       0.0091278         8
      34.7305107       0.1406792       0.0072679         8
      34.8998604       0.1451857       0.0072073         8
      35.0692215       0.1458560       0.0091165         8
      35.2385712       0.1468245       0.0083169         8
      35.4079285       0.1400795       0.0099681         8
      35.5772781       0.1660549       0.0099247         8
      35.7466316       0.1717598       0.0131187         8
      35.9159889       0.1595790       0.0120380         8
      36.0853386       0.1463256       0.0227311         8
      36.2546883       0.1661566       0.0230418         8
      36.4240494       0.1632255       0.0075013         8
      36.5933990       0.1866512       0.0157592         8
      36.7627602       0.1704438       0.0196670         8
      36.9321098       0.1757836       0.0235304         8